[-0.18156574 -0.965159    0.19918477  0.16833256  0.50463944 -0.59205209
  0.43775737  0.03526837  0.32502791]
[-0.18156574 -0.96572276  0.19918476  0.16833256  0.67478233 -0.59205211
  0.43775737  0.06766371  0.32502831]
[-0.18156574 -0.96476452  0.19918477  0.16833256  0.30523123 -0.59205208
  0.43775737  0.0357633   0.32502785]
[-0.18156574 -0.96577205  0.19918476  0.16833256  0.49035852 -0.59205212
  0.43775737  0.03449177  0.32502816]
[-0.18156574 -0.96577205  0.19918476  0.16833256  0.49035852 -0.59205212
  0.43775737  0.03449177  0.32502816]
[-0.18156574 -0.96543771  0.19918476  0.16833256  0.41941187 -0.59205211
  0.43775737  0.018466    0.32502793]
[-0.18156574 -0.96614025  0.19918476  0.16833256  0.69224141 -0.59205211
  0.43775737  0.06760884  0.32502832]
[-0.18156574 -0.96496017  0.19918477  0.16833256  0.31978583 -0.59205209
  0.43775737  0.01901581  0.32502779]
[-0.18156574 -1.23768745  0.19918477  0.16833256  0.31978583 -0.59205209
  0.43775737  0.01901581  0.32502779]
[-0.18156574 -0.96496017  0.19918477  0.16833256  0.31978583 -0.59205209
  0.43775737  0.01901581  0.32502779]
[-0.18156574 -0.96471524  0.19918477  0.16833256  0.48965504 -0.59205207
  0.43775737  0.06893524  0.325028  ]
[-1.81565737e-01 -1.96621581e+00  1.99184750e-01  1.68332556e-01
  5.05342927e-01 -5.92052134e-01  4.37757366e-01  8.24888675e-04
  3.25028068e-01]
[-0.18156574 -0.96519277  0.19918477  0.16833256  0.58928108 -0.59205209
  0.43775737  0.06838543  0.32502814]
[-0.18156574 -0.96446713  0.19918478  0.16833256  0.48922523 -0.59205207
  0.43775737  0.08585463  0.32502803]
[-0.18156574 -0.96624958  0.19918475  0.16833256  0.58998456 -0.59205213
[-0.18156574 -0.96568582  0.18908375  0.16833256  0.41984168 -0.59205211
  0.43775737  0.00154661  0.3250279 ]
[-0.18156574 -0.96499394  0.19918477  0.16833256 -0.39355233 -0.59205209
  0.16503009  0.05213288  0.32502802]
