[-0.35510021  0.13971076  0.26237859  0.39531635 -0.78962548 -0.45217932
  0.70389474  1.13381073 -0.42403647]
[-0.35510021  0.13971076  0.26237859  0.39531635 -0.78962548 -0.45217932
  0.70389475  1.13381073 -0.42403647]
[-0.35510021  0.13971076  0.26237859  0.39531635 -0.78962548 -0.45217932
  0.70389474  1.13381073 -0.42403647]
[-0.35510021  0.13971076  0.26237859  0.39531635 -0.78962548 -0.45217932
  0.70389475  1.13381073 -0.42403647]
[-0.35510021  0.13971076  0.26237859  0.39531635 -0.78962548 -0.45217932
  0.70389472  1.13381073 -0.42403647]
[-0.35510021  0.13971076  0.26237859  0.39531635 -0.78962548 -0.45217932
  0.70389472  1.13381073 -0.42403647]
[-0.35510021  0.13971076  0.26237859  0.39531635 -0.78962548 -0.45217932
  0.70389472  1.13381073 -0.42403647]
[-0.35510021  0.13971076  0.26237859  0.39531635 -0.78962548 -0.45217932
  0.70389476  1.13381073 -0.42403647]
[-0.35510021  0.13971076  0.26237859  0.39531635 -0.78962548 -0.45217932
  0.70389477  1.13381073 -0.42403647]
[-0.35510021  0.13971076  0.26237859  0.39531635 -0.78962548 -0.45217932
  0.70389475  1.13381073 -0.42403647]
[-0.35510021  0.13971076  0.26237859  0.39531635 -0.78962548 -0.45217932
  0.70389473  1.13381073 -0.42403647]
[-0.35510021  0.13971076  0.26237859  0.39531635 -0.78962548 -0.45217932
  0.70389472  1.13381073 -0.42403647]
[-0.35510021  0.13971076  0.26237859  0.39531635 -0.78962548 -0.45217932
  0.70389471  1.13381073 -0.42403647]
[-0.35510021  0.13971076  0.26237859  0.39531635 -0.78962548 -0.45217932
  0.70389472  1.13381073 -0.42403647]
[-0.35510021  0.13971076  0.26237859  0.39531635 -0.78962548 -0.45217932
  0.70389473  1.13381073 -0.42403647]
[-0.35510021  0.13971076  0.26237859  0.39531635 -0.78962548 -0.45217932
  0.70389475  1.13381073 -0.42403647]
[-0.35510021  0.13971076  0.26237859  0.39531635 -0.78962548 -0.45217932
  0.70389475  1.13381073 -0.42403647]
[-0.35510021  0.13971076  0.26237859  0.39531635 -0.78962548 -0.45217932
  0.70389475  1.13381073 -0.42403647]
[-0.35510021  0.13971076  0.26237859  0.39531635 -0.78962548 -0.45217932
  0.70389475  1.13381073 -0.42403647]
[-0.35510021  0.13971076  0.26237859  0.39531635 -0.78962548 -0.45217932
  0.70389475  1.13381073 -0.42403647]
[-0.35510021  0.13971076  0.26237859  0.39531635 -0.78962548 -0.45217932
  0.70389481  1.13381073 -0.42403647]
[-0.35510021  0.13971076  0.26237859  0.39531635 -0.78962548 -0.45217932
  0.70389476  1.13381073 -0.42403647]
[-0.35510021  0.13971076  0.26237859  0.39531635 -0.78962548 -0.45217932
  0.70389478  1.13381073 -0.42403647]
[-0.35510021  0.13971076  0.26237859  0.39531635 -0.78962548 -0.45217932
  0.70389478  1.13381073 -0.42403647]
[-0.35510021  0.13971076  0.26237859  0.39531635 -0.78962548 -0.45217932
  0.70389475  1.13381073 -0.42403647]
[-0.35510021  0.13971076  0.26237859  0.39531635 -0.78962548 -0.45217932
  0.70389482  1.13381073 -0.42403647]
[-0.35510021  0.13971076  0.26237859  0.39531635 -0.78962548 -0.45217932
  0.70389474  1.13381073 -0.42403647]
[-0.35510021  0.13971076  0.26237859  0.39531635 -0.78962548 -0.45217932
  0.70389479  1.13381073 -0.42403647]
[-0.35510021  0.13971076  0.26237859  0.39531635 -0.78962548 -0.45217932
  0.70389476  1.13381073 -0.42403647]
[-0.35510021  0.13971076  0.26237859  0.39531635 -0.78962548 -0.45217932
  0.70389473  1.13381073 -0.42403647]
[-0.35510021  0.13971076  0.26237859  0.39531635 -0.78962548 -0.45217932
  0.7038947   1.13381073 -0.42403647]
[-0.35510021  0.13971076  0.26237859  0.39531635 -0.78962548 -0.45217932
  0.70389478  1.13381073 -0.42403647]
[-0.35510021  0.13971076  0.26237859  0.39531635 -0.78962548 -0.45217932
  0.70389478  1.13381073 -0.42403647]
[-0.35510021  0.13971076  0.26237859  0.39531635 -0.78962548 -0.45217932
  0.70389471  1.13381073 -0.42403647]
[-0.35510021  0.13971076  0.26237859  0.39531635 -0.78962548 -0.45217932
  0.70389476  1.13381073 -0.42403647]
[-0.35510021  0.13971076  0.26237859  0.39531635 -0.78962548 -0.45217932
  0.70389468  1.13381073 -0.42403647]
[-0.35510021  0.13971076  0.26237859  0.39531635 -0.78962548 -0.45217932
  0.70389476  1.13381073 -0.42403647]
[-0.35510021  0.13971076  0.26237859  0.39531635 -0.78962548 -0.45217932
  0.70389482  1.13381073 -0.42403647]
[-0.35510021  0.13971076  0.26237859  0.39531635 -0.78962548 -0.45217932
  0.70389475  1.13381073 -0.42403647]
[-0.35510021  0.13971076  0.26237859  0.39531635 -0.78962548 -0.45217932
  0.70389476  1.13381073 -0.42403647]
[-0.35510021  0.13971076  0.26237859  0.39531635 -0.78962548 -0.45217932
  0.70389477  1.13381073 -0.42403647]
[-0.35510021  0.13971076  0.26237859  0.39531635 -0.78962548 -0.45217932
  0.70389475  1.13381073 -0.42403647]
[-0.35510021  0.13971076  0.26237859  0.39531635 -0.78962548 -0.45217932
  0.70389475  1.13381073 -0.42403647]
[-0.35510021  0.13971076  0.26237859  0.39531635 -0.78962548 -0.45217932
  0.7038948   1.13381073 -0.42403647]
[-0.35510021  0.13971076  0.26237859  0.39531635 -0.78962548 -0.45217932
  0.70389476  1.13381073 -0.42403647]
[-0.35510021  0.13971076  0.26237859  0.39531635 -0.78962548 -0.45217932
  0.70389479  1.13381073 -0.42403647]
[-0.35510021  0.13971076  0.26237859  0.39531635 -0.78962548 -0.45217932
  0.70389474  1.13381073 -0.42403647]
[-0.35510021  0.13971076  0.26237859  0.39531635 -0.78962548 -0.45217932
  0.70389482  1.13381073 -0.42403647]
[-0.35510021  0.13971076  0.26237859  0.39531635 -0.78962548 -0.45217932
  0.70389469  1.13381073 -0.42403647]
[-0.35510021  0.13971076  0.26237859  0.39531635 -0.78962548 -0.45217932
  0.70389472  1.13381073 -0.42403647]
[-0.35510021  0.13971076  0.26237859  0.39531635 -0.78962548 -0.45217932
  0.70389474  1.13381073 -0.42403647]
[-0.35510021  0.13971076  0.26237859  0.39531635 -0.78962548 -0.45217932
  0.7038948   1.13381073 -0.42403647]
[-0.35510021  0.13971076  0.26237859  0.39531635 -0.78962548 -0.45217932
  0.7038947   1.13381073 -0.42403647]
[-0.35510021  0.13971076  0.26237859  0.39531635 -0.78962548 -0.45217932
  0.70389484  1.13381073 -0.42403647]
[-0.35510021  0.13971076  0.26237859  0.39531635 -0.78962548 -0.45217932
  0.70389471  1.13381073 -0.42403647]
[-0.35510021  0.13971076  0.26237859  0.39531635 -0.78962548 -0.45217932
  0.70389474  1.13381073 -0.42403647]
[-0.35510021 -0.57746096  0.26237859  0.39531635 -0.78962548 -0.45217932
  0.70389474  1.13381073 -0.42403647]
[-0.35510021  0.13971076  0.26237859  0.39531635 -0.78962548 -0.45217932
  0.70389478  1.13381073 -0.3533294 ]
[-0.35510021  0.13971076  0.26237859  0.39531635 -0.78962548 -0.66430053
  0.70389472  1.13381073 -0.42403647]
[-0.35510021  0.13971076  0.26237859  0.39531635 -0.78962548 -0.45217932
  0.89581387  1.13381073 -0.42403647]
[-0.35510021  0.13971076  0.26237859  0.39531635 -0.78962548 -0.45217932
  0.70389479  1.12370972  0.09111504]
[-0.35510021  0.13971076  0.26237859  0.39531635 -0.78962548 -0.45217932
  0.35035942  1.13381073 -0.42403647]
[-0.35510021  0.13971076  0.26237859  0.39531635 -0.78962548 -0.45217932
  0.0271271   1.13381073 -0.42403647]
[-0.35510021  0.13971076  0.26237859  0.39531635 -0.78962548 -0.45217932
 -0.07388302  1.13381073 -0.42403647]
[-1.0520699   0.13971076  0.26237859  0.39531635 -0.78962548 -0.45217932
  0.70389478  1.13381073 -0.42403647]
[-0.35510021  0.73567036  0.26237859  0.39531635 -0.78962548 -0.45217932
  0.70389479  1.13381073 -0.42403647]
[-0.35510021  0.13971076  0.26237859  0.39531635 -0.17346387 -0.45217932
  0.70389474  1.13381073 -0.42403647]
[-0.35510021  0.13971076  0.26237859  0.39531635 -0.19366589 -0.45217932
  0.70389476  1.13381073 -0.42403647]
[-0.35510021  0.81647844  0.26237859  0.39531635 -0.78962548 -0.45217932
  0.70389476  1.13381073 -0.42403647]
[-0.35510021  0.13971076  0.26237859 -0.40266345 -1.26437296 -0.45217932
  0.70389475  1.13381073 -0.42403647]
[-0.76924162 -0.03200641  0.26237859  0.39531635 -0.78962548 -0.45217932
  0.70389477  1.13381073 -0.42403647]
[-0.35510021  0.13971076  0.26237859  0.39531635 -0.78962548  0.1639823
  0.70389478  1.13381073 -0.42403647]
[-0.35510021  0.13971076  1.20177252  0.39531635 -0.78962548 -0.45217932
  0.70389474  1.13381073 -0.42403647]
[-0.35510021  0.13971076  1.04015636  0.39531635 -0.78962548 -0.45217932
  0.70389473  1.13381073 -0.42403647]
[-0.35510021  0.13971076  0.26237859  0.20339715 -0.78962548 -0.45217932
  1.70389482  1.13381073 -0.42403647]
[-0.35510021  0.13971076  0.26237859  0.60743756 -0.78962548 -0.45217932
  0.70389475  1.13381073 -0.42403647]
[ 0.40247555  0.13971076  0.26237859  0.39531635 -0.78962548 -0.45217932
  0.00692501  1.13381073 -0.42403647]
[-0.35510021  0.13971076  0.26237859  1.37511433 -0.78962548 -0.45217932
  0.70389472  1.13381073 -0.42403647]
[ 0.03883919  0.13971076  0.26237859  0.39531635 -0.78962548 -0.45217932
  0.70389479  1.13381073 -0.42403647]
[-0.35510021  0.13971076  0.26237859  0.39531635 -0.88053457 -0.45217932
  1.50187452  1.13381073 -0.42403647]
